0000: 0000A000 0000C000 0000E000
0010: 00008001 00004000 00006000
0020: 00000008 00000001 00000001 00000008
0030: 000034E0 6FFFFEF5 000034CC
0040: 0000348C 000034AC
0050: 00000010 0000001D
0060: 000000EC 00000000 00000015
0070: 00000007 00000014 0000000C 00000002
0080: 0000379C 00000007 0000379C 00000017
0090: 0000000C 00000009 0000000C 00000008
00A0: 00000001 6FFFFFFF 0000346C 6FFFFFFE
00B0: 00000000 00000000 00003466 6FFFFFF0
00C0: 00000000 00000000 00000000 00000000
00D0: 00000000 00000000 00000000 00000000
00E0: FFFFFFFF 00000028 00000000 00000000
00F0: 00000000 00000000 00002C60 00000000
0100: 00000000 00000000 00000000 00000000
0110: 00000000 00010800 00000000 00000000
0120: 00000000 00000000 00000000 00000000
0130: 00000000 00000000 00000000 00000000
0140: 00000000 00000000 00000000 00000000
0150: 00000000 00000000 00000000 00000000
0160: 00000000 00000000 00000000 00000000
0170: 00000000 00000000 00000000 00000000
0180: 00000000 00000000 00000000 00000000
0190: 00000000 00000000 00000000 00000000
01A0: 00000000 00000000 00000000 00000000
01B0: 00000000 00000000 00000000 00000000
01C0: 00000000 00000000 00000000 00000000
01D0: 00000000 00000000 00000000 00000000
01E0: 00000000 00000000 00000000 00000000
01F0: 00000000 00000000 00000000 00000000
0200: 00000000 00000000 00000000 00000000
0210: 00000000 00000000 00000000 00000000
0220: 00000000 00000000 00000000 00000000
0230: 00000000 00000000 00000000 00000000
0240: 00000000 00000000 00000000 00000000
0250: 00000000 00000000 00000000 00000000
0260: 00000000 00000000 00000000 00000000
0270: 00000000 00000000 00000000 00000000
0280: 00000000 00000000 00000000 00000000
0290: 00000000 00000000 00000000 00000000
02A0: 00000000 00000000 00000000 00000000
02B0: 00000000 00000000 00000000 00000000
02C0: 00000000 00000000 00000000 00000000
02D0: 00000000 00000000 00000000 00000000
02E0: 00000000 00000000 00000000 00000000
02F0: 00000000 00000000 00000000 00000000
0300: 00000000 00000000 00000000 00000000
0310: 00000000 00000000 00000000 00000000
0320: 00000000 00000000 00000000 00000000
0330: 00000000 00000000 00000000 00000000
0340: 00000000 00000000 00000000 00000000
0350: 00000000 00000000 00000000 00000000
0360: 00000000 00000000 00000000 00000000
0370: 00000000 00000000 00000000 00000000
0380: 00000000 00000000 00000000 00000000
0390: 00000000 00000000 00000000 00000000
03A0: 00000000 00000000 00000000 00000000
03B0: 00000000 00000000 00000000 00000000
03C0: 00000000 00000000 00000000 00000000
03D0: 00000000 00000000 00000000 00000000
03E0: 00000000 00000000 00000000 00000000
03F0: 00000000 00000000 00000000 00000000 00000000 00000000 00000000 00000000 00000000 00000000 00000000 00000000 00000000 00000000 00000000 00000000 00000000 00000000 00000000 00000000 00000000 00000000 00000000 00000000 00000000 00000000 00000000 00000000 00000000 00000000 00000000 00000000 00000000 00000000 00000000 00000000
04F0: 00000000 00000000 00000000
0500: 00000000 00000000
0510: 00000000 00000000
0520: 00000000 00000000
0530: 00000000 00000000
0540: 00000000 00000000 00000000 00000000
0550: 00000000 00000000 00000000 00000000
0560: 00000000 00000000 00000000 00000000
0570: 00000000 00000000 00000000 00000000
0580: 00000000 00000000 00000000 00000000
0590: 00000000 00000000 00000000 00000000
05A0: 00000000 00000000 00000000 00000000
05B0: 00000000 00000000 00000000 00000000
05C0: 00000000 00000000 00000000 00000000
05D0: 00000000 00000000 00000000 00000000
05E0: 00000000 00000000 00000000 00000000
05F0: 00000000 00000000 00000000 00000000
0600: 00000000 00000000 00000000 00000000
0610: 00000000 00000000 00000000 00000000
0620: 00000000 00000000 00000000 00000000
0630: 00000000 00000000 00000000 00000000
0640: 00000000 00000000 00000000 00000000
0650: 00000000 00000000 00000000 00000000
0660: 00000000 00000000 00000000 00000000
0670: 00000000 00000000 00000000 00000000
0680: 00000000 00000000 00000000 00000000
0690: 00000000 00000000 00000000 00000000
06A0: 00000000 00000000 00000000 00000000
06B0: 00000000 00000000 00000000 00000000
06C0: 00000000 00000000 00000000 00000000
06D0: 00000000 00000000 00000000 00000000
06E0: 00000000 00000000 00000000 00000000
06F0: 00000000 00000000 00000000 00000000
0700: 00000000 00000000 00000000 00000000
0710: 00000000 00000000 00000000 00000000
0720: 00000000 00000000 00000000 00000000
0730: 00000000 00000000 00000000 00000000
0740: 00000000 00000000 00000000 00000000
0750: 00000000 00000000 00000000 00000000
0760: 00000000 00000000 00000000 00000000
0770: 00000000 00000000 00000000 00000000
0780: 00000000 00000000 00000000 00000000
0790: 00000000 00000000 00000000 00000000
07A0: 00000000 00000000 00000000 00000000
07B0: 00000000 00000000 00000000 00000000
07C0: 00000000 00000000 00000000 00000000
07D0: 00000000 00000000 00000000 00000000
07E0: 00000000 00000000 00000000 00000000
07F0: 00000000 00000000 00000000 00000000
0800: 00000000 00000000 00000000 00000000
0810: 00000000 00000000 00000000 00000000
0820: 00000000 00000000 00000000 00000000
0830: 00000000 00000000 00000000 00000000
0840: 00000000 00000000 00000000 00000000
0850: 00000000 00000000 00000000 00000000
0860: 00000000 00000000 00000000 00000000
0870: 00000000 00000000 00000000 00000000
0880: 00000000 00000000 00000000 00000000
0890: 00000000 00000000 00000000 00000000
08A0: 00000000 00000000 00000000 00000000
08B0: 00000000 00000000 00000000 00000000
08C0: 00000000 00000000 00000000 00000000
08D0: 00000000 00000000 00000000 00000000
08E0: 00000000 00000000 00000000 00000000
08F0: 00000000 00000000 00000000 00000000
0900: 00000000 00000000 00000000 00000000
0910: 00000000 00000000 00000000 00000000
0920: 00000000 00000000 00000000 00000000
0930: 00000000 00000000 00000000 00000000
0940: 00000000 00000000 00000000
0950: 00000000 00000000
0960: 00000000 00000000
0970: 00000000 00000000
0980: 00000000 00000000
0990: 00000000 00000000
09A0: 00000000 00000000
09B0: 00000000 00000000
09C0: 00000000 00000000
09D0: 00000000 00000000
09E0: 00000000 00000000
09F0: 00000000 00000000
0A00: 00000000 00000000
0A10: 00000000 00000000
0A20: 00000000 00000000
0A30: 00000000 00000000
0A40: 00000000 00000000 00000000 00000000 00000000
0A60: 00000000 00000000 00000000 00000000
0A70: 00000000 00000000 00000000 00000000 00000000 00000000 00000000 00000000 00000000 00000000 00000000
0AB0: 00000000 00000000 00000000 00000000 00000000 00000000 00000000 00000000 00000000 00000000
0AE0: 00000000 00000000 00000000 00000000
0AF0: 00000000 00000000 00000000 00000000
0B00: 00000000 00000000 00000000 00000000
0B10: 00000000 00000000 00000000 00000000
0B20: 00000000 00000000 00000000 00000000
0B30: 00000000 00000000 00000000 00000000
0B40: 00000000 00000000 00000000 00000000
0B50: 00000000 00000000 00000000 00000000
0B60: 00000000 00000000 00000000 00000000
0B70: 00000000 00000000 00000000 00000000
0B80: 00000000 00000000 00000000 00000000
0B90: 00000000 00000000 00000000 00000000
0BA0: 00000000 00000000 00000000 00000000
0BB0: 00000000 00000000 00000000 00000000
0BC0: 00000000 00000000 00000000 00000000
0BD0: 00000000 00000000 00000000 00000000
0BE0: 00000000 00000000 00000000 00000000
0BF0: 00000000 00000000 00000000 00000000
0C00: 00000000 00000000 00000000 00000000
0C10: 00000000 00000000 00000000 00000000
0C20: 00000000 00000000 00000000 00000000
0C30: 00000000 00000000 00000000 00000000
0C40: 00000000 00000000 00000000 00000000
0C50: 00000000 00000000 00000000 00000000
0C60: 00000000 00000000 00000000 00000000
0C70: 00000000 00000000 00000000 00000000
0C80: 00000000 00000000 00000000 00000000
0C90: 00000000 00000000 00000000 00000000
0CA0: 00000000 00000000 00000000 00000000
0CB0: 00000000 00000000 00000000 00000000
0CC0: 00000000 00000000 00000000 00000000
0CD0: 00000000 00000000 00000000 00000000 00000000 00000000 00000000 00000000 00000000 00000000 00000000 00000000 00000000 00000000 00000000 00000000 00000000 00000000 00000000 00000000
0D60: 00000000 00000000 00000000 00000000 00000000 00000000
0D80: 00000000 00000000 00000000 00000000
0D90: 00000000 00000000 00000000 00000000
0DA0: 00000000 00000000 00000000 00000000
0DB0: 00000000 00000000 00000000 00000000 00000000 00000000 00000000
0DE0: 00000000 00000000
0DF0: 00000000 00000000
0E00: 00000000 00000000
0E10: 00000000 00000000
0E20: 00000000 00000000
0E30: 00000000 00000000
0E40: 00000000 00000000
0E50: 00000000 00000000
0E60: 00000000 00000000
0E70: 00000000 00000000
0E80: 00000000 00000000
0E90: 00000000 00000000 00000000
0EA0: 00000000 00000000 00000000 00000000
0EB0: 00000000 00000000 00000000 00000000
0EC0: 00000000 00000000 00000000 00000000
0ED0: 00000000 00000000 00000000 00000000
0EE0: 00000000 00000000 00000000 00000000
0EF0: 00000000 00000000 00000000 00000000
0F00: 00000000 00000000 00000000 00000000
0F10: 00000000 00000000 00000000 00000000
0F20: 00000000 00000000 00000000 00000000
0F30: 00000000 00000000 00000000 00000000
0F40: 00000000 00000000 00000000 00000000
0F50: 00000000 00000000 00000000 00000000
0F60: 00000000 00000000 00000000 00000000
0F70: 00000000 00000000 00000000 00000000
0F80: 00000000 00000000 00000000 00000000
0F90: 00000000 00000000 00000000 00000000
0FA0: 00000000 00000000 00000000 00000000
0FB0: 00000000 00000000 00000000 00000000
0FC0: 00000000 00000000 00000000 00000000
0FD0: 00000000 00000000 00000000 00000000
0FE0: 00000000 00000000 00000000 00000000
0FF0: 00000000 00000000 00000000 00000000
1000: 00000000 00000000 00000000 00000000
1010: 00000000 00000000 00000000 00000000
1020: 00000000 00000000 00000000 00000000
1030: 00000000 00000000 00000000 00000000
1040: 00000000 00000000 00000000 00000000
1050: 00000000 00000000 00000000 00000000
1060: 00000000 00000000 00000000 00000000
1070: 00000000 00000000 00000000 00000000
1080: 00000000 00000000 00000000 00000000
1090: 00000000 00000000 00000000 00000000
10A0: 00000000 00000000 00000000 00000000
10B0: 00000000 00000000 00000000 00000000
10C0: 00000000 00000000 00000000 00000000
10D0: 00000000 00000000 00000000 00000000
10E0: 00000000 00000000 00000000 00000000
10F0: 00000000 00000000 00000000 00000000
1100: 00000000 00000000 00000000 00000000
1110: 00000000 00000000 00000000 00000000
1120: 00000000 00000000 00000000 00000000
1130: 00000000 00000000 00000000 00000000
1140: 00000000 00000000 00000000 00000000
1150: 00000000 00000000 00000000 00000000
1160: 00000000 00000000 00000000 00000000
1170: 00000000 00000000 00000000 00000000
1180: 00000000 00000000 00000000 00000000
1190: 00000000 00000000 00000000 00000000
11A0: 00000000 00000000 00000000 00000000
11B0: 00000000 00000000 00000000 00000000
11C0: 00000000 00000000 00000000 00000000
11D0: 00000000 00000000 00000000 00000000
11E0: 00000000 00000000 00000000 00000000
11F0: 00000000 00000000 00000000 00000000
1200: 00000000 00000000 00000000 00000000
1210: 00000000 00000000 00000000 00000000
1220: 00000000 00000000
1230: 00000000 00000000
1240: 00000000 00000000
1250: 00000000 00000000
1260: 00000000 00000000
1270: 00000000 00000000
1280: 00000000 00000000
1290: 00000000 00000000
12A0: 00000000 00000000
12B0: 00000000 00000000
12C0: 00000000 00000000
12D0: 00000000 00000000
12E0: 00000000 00000000
12F0: 00000000 00000000
1300: 00000000 00000000
1310: 00000000 00000000
1320: 00000000 00000000 00000000 00000000 00000000 00000000 00000000 00000000 00000000 00000000 00000000 00000000 00000000 00000000
1380: 00000000 00000000 00000000 00000000
1390: 00000000 00000000 00000000 00000000
13A0: 00000000 00000000 00000000 00000000
13B0: 00000000 00000000 00000000 00000000
13C0: 00000000 00000000 00000000 00000000
13D0: 00000000 00000000 00000000 00000000
13E0: 00000000 00000000 00000000 00000000
13F0: 00000000 00000000 00000000 00000000
1400: 00000000 00000000 00000000 00000000
1410: 00000000 00000000 00000000 00000000
1420: 00000000 00000000 00000000 00000000
1430: 00000000 00000000 00000000 00000000
1440: 00000000 00000000 00000000 00000000
1450: 00000000 00000000 00000000 00000000
1460: 00000000 00000000 00000000 00000000
1470: 00000000 00000000 00000000 00000000
1480: 00000000 00000000 00000000 00000000
1490: 00000000 00000000 00000000 00000000
14A0: 00000000 00000000 00000000 00000000
14B0: 00000000 00000000 00000000 00000000
14C0: 00000000 00000000 00000000 00000000
14D0: 00000000 00000000 00000000 00000000
14E0: 00000000 00000000 00000000 00000000
14F0: 00000000 00000000 00000000 00000000
1500: 00000000 00000000 00000000 00000000
1510: 00000000 00000000 00000000 00000000
1520: 00000000 00000000 00000000 00000000
1530: 00000000 00000000 00000000 00000000
1540: 00000000 00000000 00000000 00000000
1550: 00000000 00000000 00000000 00000000
1560: 00000000 00000000 00000000 00000000
1570: 00000000 00000000 00000000 00000000
1580: 00000000 00000000 00000000 00000000
1590: 00000000 00000000 00000000 00000000
15A0: 00000000 00000000 00000000 00000000 00000000 00000000 00000000 00000000 00000000 00000000 00000000 00000000 00000000 00000000 00000000 00000000 00000000 00000000 00000000 00000000 00000000 00000000 00000000 00000000 00000000 00000000 00000000 00000000 00000000 00000000 00000000 00000000 00000000 00000000 00000000 00000000 00000000
16C0: 00000000 00000000
16D0: 00000000 00000000
16E0: 00000000 00000000
16F0: 00000000 00000000
1700: 00000000 00000000
1710: 00000000 00000000
1720: 00000000 00000000
1730: 00000000 00000000
1740: 00000000 00000000
1750: 00000000 00000000
1760: 00000000 00000000
1770: 00000000 00000000 00000000 00000000
1780: 00000000 00000000 00000000 00000000
1790: 00000000 00000000 00000000 00000000
17A0: 00000000 00000000 00000000 00000000
17B0: 00000000 00000000 00000000 00000000
17C0: 00000000 00000000 00000000 00000000
17D0: 00000000 00000000 00000000 00000000
17E0: 00000000 00000000 00000000 00000000
17F0: 00000000 00000000 00000000 00000000
1800: 00000000 00000000 00000000 00000000
1810: 00000000 00000000 00000000 00000000
1820: 00000000 00000000 00000000 00000000
1830: 00000000 00000000 00000000 00000000
1840: 00000000 00000000 00000000 00000000
1850: 00000000 00000000 00000000 00000000
1860: 00000000 00000000 00000000 00000000
1870: 00000000 00000000 00000000 00000000
1880: 00000000 00000000 00000000 00000000
1890: 00000000 00000000 00000000 00000000
18A0: 00000000 00000000 00000000 00000000
18B0: 00000000 00000000 00000000 00000000
18C0: 00000000 00000000 00000000 00000000
18D0: 00000000 00000000 00000000 00000000
18E0: 00000000 00000000 00000000 00000000
18F0: 00000000 00000000 00000000 00000000
1900: 00000000 00000000 00000000 00000000
1910: 00000000 00000000 00000000 00000000
1920: 00000000 00000000 00000000 00000000
1930: 00000000 00000000 00000000
1940: 00000000 00000000 00000000 00000000
1950: 00000000 00000000 00000000 00000000
1960: 00000000 00000000 00000000 00000000
1970: 00000000 00000000 00000000 00000000
1980: 00000000 00000000 00000000 00000000
1990: 00000000 00000000 00000000 00000000
19A0: 00000000 00000000 00000000 00000000
19B0: 00000000 00000000 00000000 00000000
19C0: 00000000 00000000 00000000 00000000
19D0: 00000000 00000000 00000000 00000000
19E0: 00000000 00000000 00000000 00000000
19F0: 00000000 00000000 00000000 00000000
1A00: 00000000 00000000 00000000 00000000
1A10: 00000000 00000000 00000000 00000000
1A20: 00000000 00000000 00000000 00000000
1A30: 00000000 00000000 00000000 00000000
1A40: 00000000 00000000 00000000 00000000
1A50: 00000000 00000000 00000000 00000000 00000000 00000000 00000000 00000000 00000000 00000000 00000000 00000000 00000000 00000000
1AA0: 00000000 00000000 00000000 00000000 00000000 00000000
1AC0: 00000000 00000000 00000000 00000000
1AD0: 00000000 00000000 00000000 00000000 00000000 00000000 00000000
1AF0: 00000000 00000000 00000000 00000000
1B00: 00000000 00000000 00000000 00000000
1B10: 00000000 00000000 00000000 00000000
1B20: 00000000 00000000 00000000 00000000
1B30: 00000000 00000000 00000000 00000000
1B40: 00000000 00000000 00000000 00000000
1B50: 00000000 00000000 00000000 00000000
1B60: 00000000 00000000 00000000 00000000
1B70: 00000000 00000000 00000000 00000000
1B80: 00000000 00000000 00000000 00000000
1B90: 00000000 00000000 00000000 00000000
1BA0: 00000000 00000000 00000000 00000000
1BB0: 00000000 00000000 00000000 00000000
1BC0: 00000000 00000000 00000000 00000000
1BD0: 00000000 00000000 00000000 00000000
1BE0: 00000000 00000000 00000000 00000000
1BF0: 00000000 00000000 00000000 00000000
1C00: 00000000 00000000 00000000 00000000
1C10: 00000000 00000000 00000000 00000000
1C20: 00000000 00000000 00000000 00000000
1C30: 00000000 00000000 00000000 00000000
1C40: 00000000 00000000 00000000 00000000
1C50: 00000000 00000000 00000000 00000000
1C60: 00000000 00000000 00000000 00000000
1C70: 00000000 00000000 00000000 00000000
1C80: 00000000 00000000 00000000 00000000
1C90: 00000000 00000000 00000000 00000000
1CA0: 00000000 00000000 00000000 00000000
1CB0: 00000000 00000000 00000000 00000000
1CC0: 00000000 00000000 00000000 00000000 00000000 00000000 00000000 00000000 00000000 00000000 00000000 00000000 00000000 00000000 00000000 00000000 00000000 00000000 00000000 00000000 00000000 00000000 00000000 00000000 00000000 00000000 00000000 00000000 00000000 00000000 00000000 00000000 00000000 00000000
1DD0: 00000000 00000000
1DE0: 00000000 00000000
1DF0: 00000000 00000000
1E00: 00000000 00000000
1E10: 00000000 00000000
1E20: 00000000 00000000
1E30: 00000000 00000000
1E40: 00000000 00000000
1E50: 00000000 00000000
1E60: 00000000 00000000
1E70: 00000000 00000000
1E80: 00000000 00000000 00000000
1E90: 00000000 00000000 00000000 00000000
1EA0: 00000000 00000000 00000000 00000000
1EB0: 00000000 00000000 00000000 00000000
1EC0: 00000000 00000000 00000000 00000000
1ED0: 00000000 00000000 00000000 00000000
1EE0: 00000000 00000000 00000000 00000000
1EF0: 00000000 00000000 00000000 00000000
1F00: 00000000 00000000 00000000 00000000
1F10: 00000000 00000000 00000000 00000000
1F20: 00000000 00000000 00000000 00000000
1F30: 00000000 00000000 00000000 00000000
1F40: 00000001 0000C000 00000085 801F6502
1F50: 0000003B 00002200 00000080 00001F90
1F60: 0000269A 00000000 80000400 00000000
1F70: 00000000 00000000 005B8D7F 00000000
1F80: 00000001 00000000 00000001 00000000
1F90: 00002C00 000007E4 0000A004 00001388
1FA0: 00000000 00000000 00000000 00000000
1FB0: 00000000 00000000 00000000 00000000
1FC0: 00000000 00000000 00000000 00000000
1FD0: 00000000 00000000 00000000 00000000
1FE0: 00004000 00000000 00000118 00004000
1FF0: 00002070 00002000 0000A004 00002000
